32,0
30,1 33,2
27,3 32,4
31,5 33,6
31,7 33,8
18,9 19,10
29,11 32,12
31,13 33,14
31,15 33,16
29,17 32,18
31,19 33,20
22,21 33,22
13,23 19,24 32,25
12,23 18,26 32,27
29,28 32,29 33,30
16,31 21,32 28,33
15,31 26,34 28,35
28,36 30,37 33,38
5,9 13,26 19,39 32,40
5,10 12,24 18,39 32,41
27,42 29,43 30,44 32,45
15,32 26,46 30,47 33,48
11,21 26,49 31,50 33,51
24,52 29,53 31,54 33,55
23,52 30,56 31,57 32,58 33,59
27,60 29,61 30,62 32,63 33,64
16,34 21,46 22,49 31,65 33,66
2,3 20,42 25,60 29,67 30,68 32,69
15,33 16,35 17,36 31,70 32,71 33,72
6,11 9,17 14,28 20,43 23,53 25,61 27,67 30,73 32,74
1,1 17,37 20,44 21,47 24,56 25,62 27,68 29,73 31,75 32,76
3,5 4,7 7,13 8,15 10,19 22,50 23,54 24,57 26,65 28,70 30,75 33,77
0,0 2,4 6,12 9,18 12,25 13,27 14,29 18,40 19,41 20,45 24,58 25,63 27,69 28,71 29,74 30,76
1,2 3,6 4,8 7,14 8,16 10,20 11,22 14,30 17,38 21,48 22,51 23,55 24,59 25,64 26,66 28,72 31,77
