2,0 8,1 9,2 9,3 10,4 11,5
12,6
0,0 12,7 13,8 13,9
12,10
13,11
12,12
12,13
12,14 12,15
0,1 12,16 13,17
0,2 0,3 12,18 13,19
0,4 12,20 13,21
0,5 12,22
1,6 2,7 3,10 5,12 6,13 7,14 7,15 8,16 9,18 10,20 11,22 14,23 15,24 15,25 16,26
2,8 2,9 4,11 8,17 9,19 10,21
12,23
12,24 12,25
12,26
28,27
22,28 28,29 31,30
28,31
22,32 22,33 28,34 31,35
28,36 28,37
18,28 20,32 20,33 23,38 25,39 29,40
22,38 28,41 31,42 31,43
28,44
22,39
28,45
28,46
17,27 18,29 19,31 20,34 21,36 21,37 23,41 24,44 26,45 27,46 29,47 30,48 32,49 33,50
22,40 28,47 31,51
28,48
18,30 20,35 23,42 23,43 29,51
28,49
28,50
37,52
37,53 38,54 38,55 48,56
37,57
34,52 35,53 36,57 39,58 40,59 42,60 42,61 43,62 44,63 45,64 46,65 47,66 49,67 50,68
35,54 35,55 40,69 41,70 45,71 50,72
37,58
37,59 38,69 48,73
38,70
37,60 37,61
37,62
37,63
37,64 38,71 48,74 48,75
37,65
37,66
35,56 40,73 45,74 45,75 50,76
37,67
37,68 38,72 48,76
52,77
51,77 53,78 54,79 55,80 56,81 56,82 57,83 58,84 59,85 61,86 62,87 63,88
52,78 60,89 64,90
52,79
52,80
52,81 52,82
52,83 60,91 64,92
52,84
52,85 60,93 60,94 64,95
53,89 57,91 59,93 59,94 62,96 65,97
52,86
52,87 60,96 64,98 64,99
52,88
53,90 57,92 59,95 62,98 62,99
60,97
79,100
72,101 73,102 74,103 74,104 77,105 81,106
69,107 72,108 74,109 76,110 77,111 80,112 81,113
68,107 70,114 71,115 79,116 82,117
69,114 72,118 77,119 78,120 80,121 81,122
69,115 72,123 74,124 77,125 81,126 81,127
67,101 68,108 70,118 71,123 79,128 82,129
67,102
67,103 67,104 68,109 71,124
79,130
68,110
67,105 68,111 70,119 71,125 79,131 82,132
70,120 79,133 82,134
66,100 69,116 72,128 75,130 77,131 78,133 80,135 81,136
68,112 70,121 79,135 82,137
67,106 68,113 70,122 71,126 71,127 79,136 82,138
69,117 72,129 77,132 78,134 80,137 81,138
87,139 89,140
87,141
87,142 89,143
87,144 87,145 89,146
83,139 84,141 85,142 86,144 86,145 88,147
87,147 89,148 89,149
83,140 85,143 86,146 88,148 88,149
94,150 96,151
94,152 96,153
96,154
96,155
90,150 91,152 95,156 97,157 98,158 99,159 100,160 100,161
94,156 96,162
90,151 91,153 92,154 93,155 95,162 97,163 98,164 99,165 99,166 100,167
94,157 96,163
94,158 96,164
94,159 96,165 96,166
94,160 94,161 96,167
106,168 113,169
113,170
106,171 110,172 113,173
106,174 113,175 113,176
106,177 113,178 113,179
101,168 103,171 104,174 105,177 108,180 109,181 112,182
113,183
106,180 113,184
106,181 113,185
103,172
113,186
106,182 113,187
101,169 102,170 103,173 104,175 104,176 105,178 105,179 107,183 108,184 109,185 111,186 112,187
117,188 119,189 120,190 121,191 123,192 123,193 126,194
117,195 119,196 120,197 121,198 123,199 126,200
117,201 118,202 119,203 121,204 122,205 123,206 126,207 127,208
114,188 115,195 116,201 124,209 125,210 128,211
116,202 124,212
114,189 115,196 116,203 124,213
114,190 115,197 124,214 125,215 128,216 128,217
114,191 115,198 116,204 124,218 125,219 128,220
116,205
114,192 114,193 115,199 116,206 124,221 125,222
117,209 118,212 119,213 120,214 121,218 123,221 126,223
117,210 120,215 121,219 123,222 126,224 126,225
114,194 115,200 116,207 124,223 125,224 125,225 128,226
116,208
117,211 120,216 120,217 121,220 126,226
133,227 138,228 140,229 140,230 142,231
131,232 132,233 137,234 137,235 139,236 141,237
130,232 133,238 133,239 138,240 140,241 142,242
130,233 134,243 135,244 135,245 136,246
129,227 131,238 131,239 137,247 139,248 141,249
132,243 137,250 141,251
132,244 132,245 137,252 139,253 141,254
132,246 137,255 139,256 141,257
130,234 130,235 133,247 134,250 135,252 136,255 138,258 140,259 142,260
129,228 131,240 137,258 139,261 141,262
130,236 133,248 135,253 136,256 138,261 140,263 142,264
129,229 129,230 131,241 137,259 139,263 141,265
130,237 133,249 134,251 135,254 136,257 138,262 140,265 142,266
129,231 131,242 137,260 139,264 141,266
144,267 149,268 150,269
143,267 148,270 151,271 151,272 152,273 153,274
150,275 150,276
150,277
149,278
144,270 149,279 150,280
143,268 147,278 148,279 151,281 152,282 153,283 153,284
143,269 145,275 145,276 146,277 148,280 151,285 152,286
144,271 144,272 149,281 150,285
144,273 149,282 150,286
144,274 149,283 149,284
157,287 163,288 164,289 164,290 165,291
158,292 166,293 168,294
157,295 163,296 164,297
154,287 156,295 161,298 169,299 169,300
155,292 159,301 159,302 163,303 165,304
158,301 158,302 160,305 162,306 166,307 167,308 168,309
159,305
157,298 163,310 164,311
159,306 165,312
154,288 156,296 158,303 161,310 166,313 168,314 169,315
154,289 154,290 156,297 161,311 166,316 169,317
154,291 158,304 162,312 166,318 168,319
155,293 159,307 163,313 164,316 165,318
159,308
155,294 159,309 163,314 165,319
157,299 157,300 163,315 164,317
171,320 175,321 176,322 177,323 179,324
170,320 173,325 174,326 178,327 178,328 182,329
173,330 178,331 180,332
171,325 172,330 176,333 177,334 179,335
171,326 175,336 176,337 177,338 179,339
170,321 174,336 178,340 181,341 182,342 182,343
170,322 173,333 174,337 178,344 180,345
170,323 173,334 174,338 178,346 180,347 180,348
171,327 171,328 172,331 175,340 176,344 177,346 179,349
170,324 173,335 174,339 178,349 180,350 182,351
172,332 176,345 177,347 177,348 179,350
175,341
171,329 175,342 175,343 179,351
184,352 191,353 196,354 196,355
183,352 187,356 189,357 190,358 193,359 193,360 197,361 198,362
196,363
193,364 198,365
184,356 188,366 191,367 192,368 196,369
187,366 189,370 190,371 193,372 194,373 195,374 197,375 198,376
184,357 188,370 191,377 192,378 196,379
184,358 188,371 191,380 192,381 196,382
183,353 187,367 189,377 190,380 193,383
187,368 189,378 190,381 193,384 197,385 198,386
184,359 184,360 186,364 188,372 191,383 192,384
188,373
188,374
183,354 183,355 185,363 187,369 189,379 190,382
184,361 188,375 192,385
184,362 186,365 188,376 192,386
210,387
209,388
202,389 209,390 210,391
201,389 203,392 203,393 204,394 208,395
202,392 202,393 209,396 210,397
202,394 209,398 210,399
210,400
211,401
210,402
202,395 209,403 209,404
200,388 201,390 203,396 204,398 208,403 208,404
199,387 201,391 203,397 204,399 205,400 207,402 211,405
206,401 210,405
215,406 219,407 221,408
225,409
215,410
212,406 214,410 217,411 220,412 226,413 226,414
222,415
215,411 219,416 221,417 225,418 225,419
222,420
212,407 217,416 220,421 226,422
215,412 219,421 221,423 225,424
212,408 217,417 220,423 222,425 226,426
216,415 218,420 221,425 225,427
225,428
226,429
213,409 217,418 217,419 220,424 222,427 223,428 226,430 227,431
215,413 215,414 219,422 221,426 224,429 225,430
225,431
232,432 235,433 236,434 238,435 240,436
230,437 230,438 236,439 238,440 240,441
229,437 229,438 231,442 233,443 237,444 239,445 242,446
230,442 236,447 238,448 240,449
228,432 234,450 241,451 241,452 242,453 243,454
230,443 236,455 240,456
232,450 235,457 236,458 238,459 240,460
228,433 234,457 241,461 243,462 243,463
228,434 229,439 231,447 233,455 234,458 237,464 239,465 241,466 242,467 243,468
230,444 236,464
228,435 229,440 231,448 234,459 241,469 242,470 243,471
230,445 236,465
228,436 229,441 231,449 233,456 234,460 241,472 242,473
232,451 232,452 235,461 236,466 238,469 240,472
230,446 232,453 236,467 238,470 240,473
232,454 235,462 235,463 236,468 238,471
247,474 248,475 252,476 256,477 257,478 257,479
246,480 250,481 250,482 251,483 254,484
245,480 248,485 249,486 256,487
244,474 251,488 255,489
244,475 246,485 250,490 251,491 255,492 255,493
246,486 250,494
245,481 245,482 248,490 249,494 253,495
245,483 247,488 248,491 256,496 257,497
244,476
250,495
245,484
247,489 248,492 248,493 256,498 257,499
244,477 246,487 251,496 255,498
244,478 244,479 251,497 255,499
259,500 260,501 261,502 271,503
258,500 265,504 266,505 270,506
258,501 262,507 265,508 265,509 267,510
258,502 262,511 265,512 267,513 270,514
260,507 261,511 271,515
268,516
270,517
259,504 260,508 260,509 261,512 268,518 271,519
259,505 268,520
260,510 261,513 271,521 271,522
263,516 265,518 266,520 270,523 270,524
271,525
259,506 261,514 264,517 268,523 268,524
258,503 262,515 265,519 267,521 267,522 269,525
277,526
279,527
276,528 278,529 281,530 283,531 288,532
276,533 283,534 286,535 287,536 288,537 288,538
274,528 275,533 277,539 282,540
272,526 276,539 278,541 283,542 286,543 287,544 288,545
274,529 277,541 279,546
273,527 278,546 281,547 283,548 284,549
282,550
274,530 279,547 285,551
276,540 280,550 286,552 286,553 287,554 288,555
274,531 275,534 277,542 279,548 285,556
279,549
281,551 283,556
275,535 277,543 282,552 282,553
275,536 277,544 282,554
274,532 275,537 275,538 277,545 282,555
290,557 293,558 297,559
289,557 291,560 292,561 295,562 296,563
290,560 293,564 294,565 297,566
290,561 293,567 297,568
289,558 291,564 292,567 295,569 296,570
291,565 295,571 296,572
290,562 293,569 294,571 297,573 297,574
290,563 293,570 294,572 297,575 297,576
289,559 291,566 292,568 295,573 295,574 296,575 296,576
300,577 302,578 303,579
302,580 303,581 304,582 305,583 306,584 306,585 307,586
298,577 301,587 301,588
300,587 300,588 302,589 303,590 307,591
298,578 299,580 301,589
298,579 299,581 301,590
299,582
299,583
299,584 299,585
299,586 301,591
313,592
313,593
311,594 315,595 315,596 316,597 317,598
310,594 313,599
313,600 313,601
308,592 309,593 311,599 312,600 312,601 316,602 317,603
315,604 316,605 317,606
310,595 310,596 314,604
310,597 313,602 314,605
310,598 313,603 314,606
319,607 320,608 322,609 324,610 324,611
318,607 321,612
318,608 321,613 321,614
319,612 320,613 320,614 322,615 323,616 324,617
318,609 321,615
321,616
318,610 318,611 321,617
326,618 326,619 329,620 332,621
325,618 325,619 327,622 328,623 331,624
326,622 329,625 330,626 332,627 332,628 333,629 334,630
326,623 329,631 330,632 332,633 333,634 334,635
325,620 327,625 328,631 331,636
327,626 328,632 331,637
326,624 329,636 330,637 332,638 333,639 334,640
325,621 327,627 327,628 328,633 331,638
327,629 328,634 331,639
327,630 328,635 331,640
337,641 337,642 347,643 348,644 349,645
342,646
335,641 335,642 341,647 344,648
343,649 348,650
341,651 344,652 346,653
342,654
337,647 339,651 347,655 348,656 348,657 349,658
336,646 340,654 343,659 343,660
338,649 342,659 342,660 344,661 346,662
337,648 339,652 343,661 345,663 347,664 348,665 349,666
344,663
339,653 343,662 348,667
335,643 341,655 344,664
335,644 338,650 341,656 341,657 344,665 346,667
335,645 341,658 344,666
351,668 354,669 356,670 356,671 360,672
350,668 352,673 353,674 361,675
351,673 354,676 356,677 357,678 358,679 359,680 360,681
351,674 354,682 357,683 358,684 359,685 360,686
350,669 352,676 353,682 361,687
358,688 358,689 359,690 362,691
350,670 350,671 352,677 361,692
352,678 353,683 361,693 363,694
352,679 353,684 355,688 355,689 363,695
352,680 353,685 355,690 363,696
350,672 352,681 353,686 361,697 361,698 363,699
351,675 354,687 356,692 357,693 360,697 360,698
355,691
357,694 358,695 359,696 360,699
365,700 367,701 367,702 369,703 370,704
364,700 368,705
367,706
364,701 364,702 366,706 368,707
365,705 367,707 369,708 370,709 370,710
364,703 368,708
364,704 368,709 368,710
373,711 375,712 376,713
373,714 375,715 376,716
371,711 372,714 377,717 377,718
377,719
371,712 372,715 377,720 377,721
371,713 372,716 377,722
373,717 373,718 374,719 375,720 375,721 376,722
380,723 388,724
380,725
378,723 379,725 381,726 383,727 386,728 389,729 389,730
380,726 388,731
383,732 387,733
380,727 382,732 384,734 388,735 388,736
383,734 385,737 387,738
384,737
380,728 388,739
382,733 384,738 388,740
378,724 381,731 383,735 383,736 386,739 387,740 389,741
380,729 380,730 388,741
392,742 395,743 397,744
392,745 399,746
390,742 391,745 394,747 396,748 398,749 398,750 400,751
397,752
392,747 399,753 399,754
390,743 398,755
392,748 399,756
390,744 393,752 398,757
392,749 392,750 395,755 397,757 399,758
391,746 394,753 394,754 396,756 398,758 400,759
392,751 399,759
403,760 403,761 406,762
403,763 406,764 406,765
401,760 401,761 402,763 404,766 405,767 407,768
403,766
403,767 406,769
401,762 402,764 402,765 405,769 407,770
403,768 406,770
415,771 419,772 420,773
419,774
419,775
416,776 419,777
418,778 421,779
415,780 415,781 419,782 420,783 420,784
415,785 420,786
408,771 413,780 413,781 414,785 417,787
411,776 418,788
415,787 420,789
412,778 416,788 419,790
408,772 409,774 410,775 411,777 413,782 418,790
408,773 413,783 413,784 414,786 417,789
412,779
424,791
424,792 425,793 428,794 432,795 435,796
422,791 423,792 429,797 430,798 431,799 433,800
423,793 427,801 429,802 433,803 433,804 434,805
427,806 427,807 429,808 433,809 434,810
425,801 426,806 426,807
423,794 431,811
424,797 425,802 426,808 435,812
424,798 432,813 435,814
424,799 428,811 432,815
423,795 430,813 431,815 433,816
424,800 425,803 425,804 426,809 432,816 435,817
425,805 426,810 435,818
423,796 429,812 430,814 433,817 434,818
449,819
449,820
440,821 443,822 443,823 446,824 447,825 450,826
449,827
438,821 444,828 449,829
449,830
449,831
438,822 438,823 444,832 449,833
440,828 443,832 446,834 450,835 450,836
449,837
438,824 444,834 449,838
438,825
449,839
436,819 437,820 439,827 440,829 441,830 442,831 443,833 445,837 446,838 448,839 450,840 451,841 452,842
438,826 444,835 444,836 449,840
449,841
449,842
457,843 457,844 461,845 462,846 467,847 468,848
466,849
466,850
466,851 466,852
453,843 453,844 460,853 466,854
466,855
466,856
457,853 461,857 462,858 462,859 467,860
453,845 460,857 466,861
453,846 460,858 460,859 466,862
466,863
466,864
466,865
454,849 455,850 456,851 456,852 457,854 458,855 459,856 461,861 462,862 463,863 464,864 465,865 467,866 469,867
453,847 460,860 466,866
453,848
466,867
472,868 475,869 479,870 479,871 480,872 481,873
483,874
470,868 476,875 483,876
483,877
483,878
470,869 476,879 476,880 483,881
472,875 475,879 475,880 479,882 480,883
483,884
483,885
470,870 470,871 476,882 483,886
470,872 476,883 483,887
470,873
483,888
471,874 472,876 473,877 474,878 475,881 477,884 478,885 479,886 480,887 482,888 484,889 485,890 486,891
483,889
483,890
483,891
489,892 497,893 498,894
498,895
487,892 490,896 491,897 499,898 501,899 501,900
489,896 497,901 497,902 498,903
489,897
498,904
498,905
498,906
498,907
498,908
487,893 490,901 490,902 499,909 501,910
487,894 488,895 490,903 492,904 493,905 494,906 495,907 496,908 499,911 500,912 501,913 502,914 503,915 503,916
489,898 497,909 498,911
498,912
489,899 489,900 497,910 498,913
498,914
498,915 498,916
508,917 509,918 509,919 511,920 512,921 515,922
506,923
505,923 507,924 507,925 508,926 509,927 510,928 511,929 512,930 515,931 516,932
506,924 506,925
504,917 506,926 514,933
504,918 504,919 506,927 514,934
506,928
504,920 506,929
504,921 506,930 514,935
514,936
508,933 509,934 512,935 513,936 515,937 515,938
504,922 506,931 514,937 514,938
506,932
518,939 519,940 523,941 523,942 524,943 530,944
517,939 525,945 526,946 526,947
517,940 525,948 526,949
525,950
525,951
525,952 525,953
517,941 517,942 525,954 526,955
517,943 525,956 526,957
518,945 519,948 520,950 521,951 522,952 522,953 523,954 524,956 527,958 528,959 529,960 531,961 532,962 533,963
518,946 518,947 519,949 523,955 524,957
525,958
525,959
525,960
517,944
525,961
525,962
525,963
536,964 538,965 540,966 541,967 542,968 542,969 543,970
536,971 537,972 540,973 541,974 543,975 543,976
534,964 535,971 539,977
535,972
534,965 539,978
536,977 538,978 540,979 541,980 541,981 543,982
534,966 535,973 539,979
534,967 535,974 539,980 539,981
534,968 534,969
534,970 535,975 535,976 539,982
546,983 547,984 551,985
546,986
544,983 545,986 548,987 549,988 550,989 552,990 553,991
544,984 548,992 549,993 553,994 553,995
546,987 547,992 551,996 551,997
546,988 547,993 551,998
546,989
544,985 548,996 548,997 549,998 553,999
546,990
546,991 547,994 547,995 551,999
561,1000 561,1001 566,1002 567,1003
566,1004
561,1005 566,1006 567,1007
566,1008
566,1009
566,1010
561,1011 566,1012 567,1013 567,1014
554,1000 554,1001 556,1005 560,1011 563,1015
566,1016
561,1015 566,1017 567,1018
567,1019
566,1020
554,1002 555,1004 556,1006 557,1008 558,1009 559,1010 560,1012 562,1016 563,1017 565,1020 568,1021 569,1022 570,1023
554,1003 556,1007 560,1013 560,1014 563,1018 564,1019
566,1021
566,1022
566,1023
575,1024 575,1025 578,1026 579,1027 580,1028 585,1029
584,1030
584,1031
584,1032 584,1033
571,1024 571,1025 584,1034 586,1035
584,1036
584,1037
571,1026
571,1027 584,1038 586,1039
571,1028 584,1040 586,1041 586,1042
584,1043
584,1044
584,1045
572,1030 573,1031 574,1032 574,1033 575,1034 576,1036 577,1037 579,1038 580,1040 581,1043 582,1044 583,1045 585,1046 587,1047
571,1029 584,1046 586,1048
575,1035 579,1039 580,1041 580,1042 585,1048 587,1049
584,1047 586,1049
590,1050 593,1051 597,1052 601,1053 602,1054 602,1055
600,1056
588,1050 594,1057 600,1058
600,1059
600,1060
588,1051 594,1061 594,1062 600,1063
590,1057 593,1061 593,1062 597,1064 602,1065
600,1066
600,1067
588,1052 594,1064 600,1068
600,1069
600,1070
589,1056 590,1058 591,1059 592,1060 593,1063 595,1066 596,1067 597,1068 598,1069 599,1070 602,1071 603,1072 604,1073
588,1053
588,1054 588,1055 594,1065 600,1071
600,1072
600,1073
609,1074 612,1075 615,1076
609,1077
609,1078
609,1079 612,1080 615,1081 615,1082
605,1074 606,1077 607,1078 608,1079 610,1083 611,1084 613,1085 614,1086 617,1087 618,1088 619,1089 620,1090 620,1091 621,1092 621,1093
609,1083
609,1084
605,1075 608,1080 616,1094 617,1095 619,1096 619,1097
609,1085
609,1086 615,1098
605,1076 608,1081 608,1082 614,1098 617,1099 619,1100
612,1094
609,1087 612,1095 615,1099
609,1088
609,1089 612,1096 612,1097 615,1100
609,1090 609,1091
609,1092 609,1093
623,1101 635,1102
622,1101 625,1103 626,1104 627,1105 628,1106 629,1107 630,1108 631,1109 632,1110 633,1111 636,1112
627,1113 628,1114 628,1115 629,1116 634,1117 636,1118
623,1103
623,1104
623,1105 624,1113 635,1119
623,1106 624,1114 624,1115 635,1120
623,1107 624,1116 635,1121
623,1108
623,1109
623,1110
623,1111
624,1117
622,1102 627,1119 628,1120 629,1121 636,1122 636,1123
623,1112 624,1118 635,1122 635,1123
641,1124
641,1125 641,1126
645,1127 647,1128 648,1129 650,1130
641,1131
637,1124 638,1125 638,1126 640,1131 642,1132 643,1133 644,1134 645,1135 646,1136 647,1137 648,1138 650,1139
641,1132
641,1133
641,1134
639,1127 641,1135 649,1140 649,1141
641,1136
639,1128 641,1137 649,1142
639,1129 641,1138 649,1143
645,1140 645,1141 647,1142 648,1143 650,1144
639,1130 641,1139 649,1144
652,1145 653,1146 654,1147 654,1148 662,1149 664,1150
651,1145 659,1151 666,1152 666,1153
651,1146 659,1154 666,1155
651,1147 651,1148 659,1156 666,1157
659,1158
659,1159
659,1160
659,1161
652,1151 653,1154 654,1156 655,1158 656,1159 657,1160 658,1161 660,1162 661,1163 661,1164 663,1165 664,1166 665,1167 667,1168
659,1162
659,1163 659,1164
651,1149
659,1165
651,1150 659,1166 666,1169
659,1167
652,1152 652,1153 653,1155 654,1157 664,1169 667,1170
659,1168 666,1170
673,1171
673,1172
673,1173
673,1174
673,1175 675,1176 681,1177
668,1171 669,1172 670,1173 671,1174 672,1175 674,1178 676,1179 677,1180 678,1181 679,1182 680,1183 682,1184 683,1185
673,1178
672,1176 676,1186 676,1187 677,1188 683,1189
673,1179 675,1186 675,1187 681,1190
673,1180 675,1188 681,1191
673,1181
673,1182
673,1183
672,1177 676,1190 677,1191 683,1192
673,1184
673,1185 675,1189 681,1192
689,1193 690,1194 691,1195 692,1196 693,1197 694,1198 697,1199 698,1200
691,1201 692,1202 693,1203 694,1204 697,1205 698,1206
699,1207
688,1208 699,1209 699,1210 700,1211
687,1208 692,1212 693,1213 694,1214 695,1215 697,1216 698,1217
684,1193
684,1194
684,1195 685,1201 696,1218
684,1196 685,1202 688,1212 696,1219 699,1220 700,1221
684,1197 685,1203 688,1213 696,1222 699,1223 700,1224 700,1225
684,1198 685,1204 688,1214 696,1226
688,1215
691,1218 692,1219 693,1222 694,1226 697,1227 698,1228
684,1199 685,1205 688,1216 696,1227 699,1229 700,1230
684,1200 685,1206 688,1217 696,1228 700,1231
686,1207 687,1209 687,1210 692,1220 693,1223 697,1229
687,1211 692,1221 693,1224 693,1225 697,1230 698,1231
703,1232 708,1233 709,1234 710,1235 711,1236 712,1237 713,1238 716,1239
703,1240 708,1241 709,1242 710,1243 711,1244 713,1245
701,1232 702,1240 704,1246 714,1247
703,1246 706,1248 708,1249 709,1250 710,1251 713,1252 715,1253
708,1254 709,1255 710,1256 710,1257 713,1258 715,1259
704,1248
717,1260
701,1233 702,1241 704,1249 705,1254 714,1261
701,1234 702,1242 704,1250 705,1255 714,1262 717,1263
701,1235 702,1243 704,1251 705,1256 705,1257 714,1264 717,1265
701,1236 702,1244 714,1266
701,1237
701,1238 702,1245 704,1252 705,1258 714,1267 717,1268
703,1247 708,1261 709,1262 710,1264 711,1266 713,1267
704,1253 705,1259 717,1269 717,1270
701,1239
707,1260 709,1263 710,1265 713,1268 715,1269 715,1270
